   0.0000        ;  0.0000
  0.10000        ; 0.19733
  0.20000        ; 0.78853
  0.30000        ;  1.7713
  0.40000        ;  3.1417
  0.50000        ;  4.8943
  0.60000        ;  7.0224
  0.70000        ;  9.5173
  0.80000        ;  12.369
  0.90000        ;  15.567
   1.0000        ;  19.098
   1.1000        ;  22.949
   1.2000        ;  27.103
   1.3000        ;  31.545
   1.4000        ;  36.258
   1.5000        ;  41.221
   1.6000        ;  46.417
   1.7000        ;  51.825
   1.8000        ;  57.422
   1.9000        ;  63.188
   2.0000        ;  69.098
   2.1000        ;  75.131
   2.2000        ;  81.262
   2.3000        ;  87.467
   2.4000        ;  93.721
   2.5000        ;  100.00
   2.6000        ;  106.28
   2.7000        ;  112.53
   2.8000        ;  118.74
   2.9000        ;  124.87
   3.0000        ;  130.90
   3.1000        ;  136.81
   3.2000        ;  142.58
   3.3000        ;  148.18
   3.4000        ;  153.58
   3.5000        ;  158.78
   3.6000        ;  163.74
   3.7000        ;  168.45
   3.8000        ;  172.90
   3.9000        ;  177.05
   4.0000        ;  180.90
   4.1000        ;  184.43
   4.2000        ;  187.63
   4.3000        ;  190.48
   4.4000        ;  192.98
   4.5000        ;  195.11
   4.6000        ;  196.86
   4.7000        ;  198.23
   4.8000        ;  199.21
   4.9000        ;  199.80
   5.0000        ;  200.00
   5.1000        ;  200.00
   125.00        ;  200.00
